r corr13 corr12 corr23 err13 err12 err23
   4.0029345e+00  -2.1633864e-01  -1.7837180e-01   5.6267404e-02   9.2884075e-04   1.2068688e-03   6.2779846e-04
   9.6639387e+00  -1.9750874e-01  -1.6383540e-01   5.9705903e-02   9.0638524e-04   1.3233326e-03   6.3120214e-04
   1.2594290e+01  -1.8157727e-01  -1.5131593e-01   5.6417843e-02   8.7352896e-04   1.1937850e-03   6.9477942e-04
   1.4939155e+01  -1.6466937e-01  -1.3858437e-01   4.8347949e-02   8.7768457e-04   1.1731600e-03   8.2179417e-04
   1.6956703e+01  -1.4704974e-01  -1.2427281e-01   3.3827984e-02   1.0420641e-03   1.2976687e-03   9.6735004e-04
   1.8755981e+01  -1.2769459e-01  -1.0861868e-01   2.0574809e-02   1.1739195e-03   1.5426066e-03   1.0028774e-03
   2.0395916e+01  -1.0727619e-01  -9.1750118e-02   8.8914331e-03   1.3257553e-03   1.6233100e-03   9.2532793e-04
   2.1912778e+01  -8.7933066e-02  -7.4444666e-02   8.7557087e-04   1.5516367e-03   1.7536088e-03   7.4717753e-04
   2.3330812e+01  -6.9096289e-02  -5.8651158e-02  -2.9795130e-03   1.6684856e-03   1.7498956e-03   5.9026624e-04
   2.4667194e+01  -5.2231828e-02  -4.4092454e-02  -4.8598842e-03   1.5617625e-03   1.5462062e-03   3.4172149e-04
   2.5934622e+01  -3.7744881e-02  -3.1803096e-02  -4.6275624e-03   1.5148150e-03   1.4640773e-03   3.0943729e-04
   2.7142803e+01  -2.6727625e-02  -2.3161413e-02  -4.3557667e-03   1.3091426e-03   1.2524708e-03   2.7179647e-04
   2.8299357e+01  -1.8699143e-02  -1.6185022e-02  -3.5316722e-03   1.1087321e-03   1.0394238e-03   2.6698727e-04
   2.9410395e+01  -1.2718149e-02  -1.0682479e-02  -2.7999782e-03   8.9359595e-04   7.9341822e-04   2.3849721e-04
   3.0480908e+01  -8.4866616e-03  -7.5122753e-03  -1.9110556e-03   6.5249306e-04   6.0106737e-04   2.1291714e-04
   3.1515036e+01  -5.3473968e-03  -4.6878162e-03  -1.2724670e-03   4.2172859e-04   3.8087056e-04   1.4854387e-04
   3.2516260e+01  -3.3961374e-03  -2.7238411e-03  -8.1446090e-04   3.4915569e-04   2.7456846e-04   1.2454621e-04
   3.3487534e+01  -2.2542047e-03  -2.1349924e-03  -4.1809978e-04   2.3242963e-04   2.1610050e-04   7.8224538e-05
   3.4431400e+01  -1.3755918e-03  -1.3299535e-03  -2.7259940e-04   1.4752388e-04   1.5655960e-04   5.0558819e-05
   3.5350054e+01  -8.1360024e-04  -8.7270854e-04  -1.3814350e-04   1.0066607e-04   1.1444235e-04   4.2822396e-05
   3.6245417e+01  -4.8438485e-04  -5.0031542e-04  -8.6571125e-05   6.1549818e-05   6.1819565e-05   3.4667423e-05
   3.7119177e+01  -2.8287535e-04  -4.3142101e-04  -4.4296130e-05   3.5025555e-05   5.9966935e-05   2.7504978e-05
   3.7972826e+01  -1.6664291e-04  -2.5810541e-04  -2.9365068e-05   2.1898787e-05   3.7228552e-05   1.6803616e-05
   3.8807693e+01  -1.0522656e-04  -2.2116754e-04   1.2983638e-05   1.5272994e-05   3.7611423e-05   1.9774764e-05
   3.9624966e+01  -6.2337767e-05  -1.6915210e-04   9.5317586e-06   8.9981843e-06   3.3568348e-05   1.8173246e-05
   4.0425713e+01  -4.0860072e-05  -1.9525584e-04   1.9261006e-05   6.3205250e-06   3.5717422e-05   1.4218312e-05
   4.1210899e+01  -2.1578027e-05  -9.9520771e-05  -3.2588404e-06   3.5150883e-06   2.4859656e-05   6.0411369e-06
   4.1981396e+01  -1.7221653e-05  -1.4996359e-04   5.2200818e-06   3.1529073e-06   3.1258904e-05   8.3771318e-06
   4.2738000e+01  -9.6947465e-06  -1.5578268e-04   6.5891671e-07   1.3978002e-06   3.0186313e-05   5.3141362e-06
   4.3481437e+01  -7.1665477e-06  -4.4088129e-05  -2.9539361e-06   1.3442647e-06   1.8000860e-05   6.7092391e-07
   4.4212371e+01  -4.4723314e-06  -5.7618639e-05   3.5530835e-06   7.8856061e-07   1.9210725e-05   5.4549469e-06
