r n1 n2 n3 err1 err2 err3
   4.0029345e+00   4.0785813e-01   6.0680988e-01   5.2811591e-01   1.1698169e-03   1.3522554e-03   1.0276084e-03
   9.6639387e+00   3.8719718e-01   5.5799122e-01   5.0543627e-01   1.2964759e-03   1.8456492e-03   1.2078386e-03
   1.2594290e+01   3.7436101e-01   5.0686142e-01   4.7692970e-01   1.0215545e-03   2.4044767e-03   1.3797116e-03
   1.4939155e+01   3.6485549e-01   4.5303688e-01   4.4372739e-01   1.0013596e-03   2.8605695e-03   1.5800431e-03
   1.6956703e+01   3.5577860e-01   3.9776460e-01   4.0530869e-01   1.0484732e-03   3.5132584e-03   2.0787331e-03
   1.8755981e+01   3.4254241e-01   3.4408685e-01   3.6356581e-01   1.1400092e-03   4.0195600e-03   2.5793905e-03
   2.0395916e+01   3.2560797e-01   2.9348532e-01   3.2089917e-01   1.4600906e-03   4.2077699e-03   2.9339124e-03
   2.1912778e+01   3.0035332e-01   2.4919962e-01   2.7978933e-01   1.9860422e-03   4.3735749e-03   3.3508423e-03
   2.3330812e+01   2.7215909e-01   2.0831544e-01   2.3932742e-01   2.6928856e-03   4.6995069e-03   3.6430593e-03
   2.4667194e+01   2.3983940e-01   1.7146385e-01   2.0042765e-01   2.9790937e-03   4.2259169e-03   3.6847913e-03
   2.5934622e+01   2.0443506e-01   1.3800116e-01   1.6314239e-01   3.7772281e-03   4.2792623e-03   3.9557342e-03
   2.7142803e+01   1.7156494e-01   1.1002905e-01   1.3072816e-01   4.0806917e-03   3.9204991e-03   3.9110530e-03
   2.8299357e+01   1.4213312e-01   8.7437536e-02   1.0394175e-01   4.2266616e-03   3.5365079e-03   3.7684526e-03
   2.9410395e+01   1.1362578e-01   6.9044792e-02   8.2795132e-02   4.2033678e-03   3.3094553e-03   3.5186640e-03
   3.0480908e+01   9.1038961e-02   5.3608367e-02   6.4967638e-02   3.8302119e-03   2.7037739e-03   2.9490223e-03
   3.1515036e+01   7.0404165e-02   4.1182452e-02   4.9687535e-02   3.2511372e-03   2.1260015e-03   2.2532684e-03
   3.2516260e+01   5.4191263e-02   3.0891791e-02   3.7970727e-02   3.0577686e-03   1.9270765e-03   2.1726909e-03
   3.3487534e+01   4.3350782e-02   2.4122781e-02   2.9922066e-02   2.5725845e-03   1.5292591e-03   1.6877761e-03
   3.4431400e+01   3.3260843e-02   1.8182715e-02   2.2745314e-02   2.0588014e-03   1.1493142e-03   1.3138576e-03
   3.5350054e+01   2.4954545e-02   1.3619988e-02   1.6543689e-02   1.6941219e-03   9.3651632e-04   1.0478918e-03
   3.6245417e+01   1.9674688e-02   1.0533092e-02   1.2465893e-02   1.3888128e-03   7.5479392e-04   7.8439716e-04
   3.7119177e+01   1.5412712e-02   8.3247665e-03   9.1299477e-03   1.0680252e-03   6.0716340e-04   6.2822123e-04
   3.7972826e+01   1.1485390e-02   5.9027623e-03   6.6716455e-03   8.5010973e-04   4.3336408e-04   4.7396986e-04
   3.8807693e+01   9.0541534e-03   4.7252036e-03   5.1077731e-03   6.6434237e-04   3.4599171e-04   3.9781989e-04
   3.9624966e+01   7.2307900e-03   3.8162163e-03   3.7081985e-03   5.6525495e-04   2.8652606e-04   3.2021644e-04
   4.0425713e+01   6.0032468e-03   2.8791400e-03   2.7766990e-03   4.8213194e-04   2.1161028e-04   2.2893326e-04
   4.1210899e+01   4.9208604e-03   2.3635725e-03   1.9316343e-03   4.0900252e-04   1.7494042e-04   1.8091017e-04
   4.1981396e+01   3.9855553e-03   1.9121536e-03   1.7006803e-03   3.1064936e-04   1.3608595e-04   1.5759340e-04
   4.2738000e+01   3.5233285e-03   1.6274991e-03   1.3094810e-03   2.8520587e-04   1.1421877e-04   1.2262475e-04
   4.3481437e+01   2.8679654e-03   1.3073794e-03   1.0895361e-03   2.5727358e-04   1.0880467e-04   1.1611482e-04
   4.4212371e+01   2.5667728e-03   1.2059684e-03   8.2432680e-04   2.1247923e-04   9.0902509e-05   8.4040004e-05
