r corr13 corr12 corr23 err13 err12 err23
   4.0029345e+00   8.3533316e-03   5.6211887e-03  -5.1003720e-03   7.0617617e-04   5.4771129e-04   6.4535995e-04
   9.6639387e+00   6.4396909e-03   6.0493745e-03  -5.3297502e-03   6.4486269e-04   5.7535579e-04   6.1763675e-04
   1.2594290e+01   7.0272613e-03   5.4117220e-03  -4.2990483e-03   6.5225263e-04   5.7324683e-04   6.3054795e-04
   1.4939155e+01   6.6691050e-03   4.6556189e-03  -4.9501531e-03   6.1399190e-04   5.4635515e-04   5.8790492e-04
   1.6956703e+01   4.6615361e-03   5.2147857e-03  -2.5674262e-03   6.6424646e-04   5.0758247e-04   5.5657901e-04
   1.8755981e+01   3.2463364e-03   4.3688759e-03  -1.7250384e-03   6.0658324e-04   5.2648581e-04   5.2493856e-04
   2.0395916e+01   4.0595753e-03   3.9826950e-03   1.3682358e-04   5.7655305e-04   5.0729162e-04   5.0943342e-04
   2.1912778e+01   1.6103865e-03   2.3865633e-03   1.5981465e-03   4.9878165e-04   4.4822252e-04   4.5701461e-04
   2.3330812e+01   1.8256118e-03   2.1645032e-03   1.3222512e-03   5.4763602e-04   5.0860359e-04   4.5924102e-04
   2.4667194e+01   1.2667513e-04   1.0038767e-03   1.1414014e-03   4.5105214e-04   3.9205213e-04   3.4267930e-04
   2.5934622e+01   5.1342223e-04   2.9091344e-04   1.1591379e-03   4.0153015e-04   2.8994107e-04   3.1323096e-04
   2.7142803e+01   4.9293307e-04   6.4137203e-04   7.4203545e-04   3.1917089e-04   3.0270215e-04   2.6189382e-04
   2.8299357e+01  -1.4243514e-05   2.3075701e-04   9.5663219e-04   3.0176401e-04   2.2773772e-04   2.4055202e-04
   2.9410395e+01  -2.2703156e-04  -4.3409514e-06   4.4949741e-04   2.6352741e-04   2.3482401e-04   1.9601271e-04
   3.0480908e+01  -1.4976651e-04  -7.8576241e-05  -4.6752752e-05   2.3374231e-04   1.5552487e-04   1.3807514e-04
   3.1515036e+01  -3.3434725e-04   4.0172130e-05   2.1056633e-04   1.3322827e-04   1.2402107e-04   1.1161137e-04
   3.2516260e+01  -2.3270921e-05   2.6180709e-04   1.8216448e-04   1.4050041e-04   1.0389214e-04   1.0232418e-04
   3.3487534e+01  -8.6283772e-05   4.7328906e-05   3.5903476e-05   1.1240036e-04   9.3410511e-05   7.4302906e-05
   3.4431400e+01  -7.3453733e-05  -9.0115277e-05  -3.7088871e-05   9.1503554e-05   6.3948773e-05   4.9910872e-05
   3.5350054e+01  -7.9914173e-05   5.9558740e-05  -1.6622604e-05   5.2881895e-05   5.3435639e-05   4.9223567e-05
   3.6245417e+01   4.7214903e-05  -4.5372989e-05  -2.0588039e-05   5.2861299e-05   4.1638149e-05   3.0364862e-05
   3.7119177e+01  -1.4822350e-05   7.4515691e-06  -2.5588729e-05   3.7313338e-05   3.3822251e-05   1.9303146e-05
   3.7972826e+01  -1.7127360e-05   3.5083111e-05   3.5516950e-05   2.8450474e-05   2.2856732e-05   2.4416957e-05
   3.8807693e+01  -4.0301689e-05  -2.7090969e-05   2.0393812e-06   1.9008020e-05   1.2508243e-05   1.6356079e-05
   3.9624966e+01  -3.0883342e-05  -1.8345380e-05   1.0587735e-05   1.2935862e-05   1.0514724e-05   1.4448738e-05
   4.0425713e+01  -1.2953535e-05   1.8304345e-05  -1.1614339e-06   1.2025152e-05   1.4628410e-05   7.9248618e-06
   4.1210899e+01   5.2181425e-06  -6.5867909e-06   1.6888626e-05   1.2859245e-05   5.9505320e-06   1.4073434e-05
   4.1981396e+01  -5.9233711e-07  -8.2404553e-06  -6.3093115e-06   1.0717885e-05   1.3234714e-06   9.2280650e-07
   4.2738000e+01   4.8672803e-06   7.1692962e-07   1.1375638e-06   9.4751689e-06   5.4173202e-06   5.3692384e-06
   4.3481437e+01  -5.6854612e-06   2.9658246e-06   1.0003102e-05   1.0336328e-06   6.4891106e-06   8.7971160e-06
   4.4212371e+01   3.1336744e-06  -1.8645866e-06  -1.6340384e-06   6.9234474e-06   3.4381207e-07   3.4446059e-07
