r d13 d12 d23 err13 err12 err23
   4.0029345e+00   1.1267994e-01   1.7148249e-01   3.8912188e-01   1.3388275e-03   1.3961252e-03   1.4645135e-03
   9.6639387e+00   8.6157794e-02   1.3213309e-01   3.4830979e-01   1.4018228e-03   1.5532958e-03   1.8667282e-03
   1.2594290e+01   6.7128907e-02   1.0067326e-01   3.0157664e-01   1.2634361e-03   1.4871019e-03   2.2281007e-03
   1.4939155e+01   5.1837157e-02   7.5649024e-02   2.5106787e-01   1.0854118e-03   1.3185129e-03   2.6330025e-03
   1.6956703e+01   3.9547146e-02   5.5400529e-02   1.9567809e-01   9.7613247e-04   1.2223901e-03   3.1058582e-03
   1.8755981e+01   3.1255611e-02   3.9412968e-02   1.4652257e-01   8.9896768e-04   1.0403978e-03   3.2299850e-03
   2.0395916e+01   2.3589788e-02   2.7846337e-02   1.0406584e-01   8.1850555e-04   9.1327702e-04   3.0948097e-03
   2.1912778e+01   1.8400322e-02   1.9442159e-02   7.2234340e-02   7.3042452e-04   7.5964518e-04   2.7486922e-03
   2.3330812e+01   1.3459454e-02   1.3225905e-02   4.8642249e-02   5.7881540e-04   6.6554016e-04   2.3037420e-03
   2.4667194e+01   1.0008641e-02   9.1054779e-03   3.2170791e-02   4.5425289e-04   4.6244648e-04   1.6350926e-03
   2.5934622e+01   6.9208211e-03   5.9149184e-03   2.0683662e-02   3.9472607e-04   3.6855804e-04   1.3220892e-03
   2.7142803e+01   5.4838710e-03   3.9568765e-03   1.2578216e-02   3.3764841e-04   2.9080633e-04   8.9693852e-04
   2.8299357e+01   3.9002933e-03   2.5582751e-03   8.0185400e-03   2.7976301e-04   2.1508202e-04   6.3908837e-04
   2.9410395e+01   2.5341068e-03   1.7925915e-03   4.9120863e-03   2.0689614e-04   1.6388097e-04   4.9712117e-04
   3.0480908e+01   2.0161290e-03   1.2937063e-03   2.9895713e-03   1.8460597e-04   1.3770334e-04   2.7775006e-04
   3.1515036e+01   1.2261098e-03   8.4900731e-04   1.8480042e-03   1.0518257e-04   9.1995354e-05   1.9526943e-04
   3.2516260e+01   8.1644895e-04   5.6950625e-04   1.0994944e-03   9.5051898e-05   7.4538982e-05   1.4076666e-04
   3.3487534e+01   7.3313783e-04   3.1516103e-04   7.6264573e-04   9.3376186e-05   5.4856483e-05   1.0335938e-04
   3.4431400e+01   5.5331157e-04   2.3090117e-04   4.5912678e-04   7.3307660e-05   3.8051190e-05   6.7260662e-05
   3.5350054e+01   4.2521994e-04   1.2237762e-04   2.7809965e-04   6.7833294e-05   2.6641007e-05   5.0126514e-05
   3.6245417e+01   2.5875453e-04   1.1997806e-04   1.6472406e-04   4.1795168e-05   2.9670618e-05   4.0615217e-05
   3.7119177e+01   2.5377848e-04   5.6033710e-05   1.0584722e-04   4.5669581e-05   2.0652463e-05   2.8069008e-05
   3.7972826e+01   1.6213625e-04   2.2413484e-05   5.0138158e-05   3.3486677e-05   1.1125237e-05   1.6386586e-05
   3.8807693e+01   1.7982626e-04   2.7488235e-05   6.5589541e-05   3.4532769e-05   1.2176032e-05   1.9996061e-05
   3.9624966e+01   1.3746334e-04   1.2140637e-05   4.2246041e-05   3.0924920e-05   8.5622243e-06   1.7893555e-05
   4.0425713e+01   1.7595308e-04   5.8275058e-06   3.4762457e-05   3.5340119e-05   5.8275058e-06   1.4012291e-05
   4.1210899e+01   8.4005376e-05   0.0000000e+00   6.0351487e-06   2.4656609e-05   0.0000000e+00   6.0351487e-06
   4.1981396e+01   1.4213897e-04   0.0000000e+00   1.1823965e-05   3.1067455e-05   0.0000000e+00   8.3393402e-06
   4.2738000e+01   1.4934289e-04   0.0000000e+00   5.3645766e-06   3.0245088e-05   0.0000000e+00   5.3645766e-06
   4.3481437e+01   4.0729879e-05   0.0000000e+00   0.0000000e+00   1.8010287e-05   0.0000000e+00   0.0000000e+00
   4.4212371e+01   5.5331157e-05   0.0000000e+00   5.4657951e-06   1.9235284e-05   0.0000000e+00   5.4657951e-06
